A1955J99R36Q* C1999 09 11.40624 01 37 54.90 -27 04 27.5          15.1  aa6197704
A1955J99R36Q  C1999 09 11.42149 01 38 00.18 -27 03 59.6          15.1  aa6197704
A1955J99R36Q  C1999 09 11.43717 01 38 05.61 -27 03 30.2          15.3  aa6197704
A1955J99R36Q  C1999 09 11.45212 01 38 10.83 -27 03 01.1          15.4  aa6197704
A1955J99R36Q  C1999 09 11.46681 01 38 16.03 -27 02 32.4          15.2  aa6197704
A1955J99R36Q  C1999 09 12.01709 01 42 28.07 -26 45 22.0          14.1 V a6197595
A1955J99R36Q  C1999 09 12.01988 01 42 29.17 -26 45 16.7                 a6197595
A1955J99R36Q  C1999 09 12.02109 01 42 30.22 -26 45 10.2                za6197108
A1955J99R36Q  C1999 09 12.02154 01 42 29.64 -26 45 17.5          15.0 Rda6197046
A1955J99R36Q  C1999 09 12.02234 01 42 29.93 -26 45 15.6                da6197046
A1955J99R36Q  C1999 09 12.02234 01 42 31.04 -26 45 08.9                za6197108
A1955J99R36Q  C1999 09 12.02269 01 42 30.27 -26 45 11.4                 a6197595
A1955J99R36Q  C1999 09 12.02326 01 42 30.29 -26 45 13.5                da6197046
A1955J99R36Q  C1999 09 12.02455 01 42 30.82 -26 45 11.1                da6197046
A1955J99R36Q  C1999 09 12.02523 01 42 31.85 -26 45 05.4                za6197108
A1955J99R36Q  C1999 09 12.02536 01 42 31.16 -26 45 10.1                da6197046
A1955J99R36Q  C1999 09 12.02559 01 42 31.40 -26 45 05.5                 a6197595
A1955J99R36Q  C1999 09 12.02615 01 42 31.45 -26 45 08.2                da6197046
A1955J99R36Q  C1999 09 12.03192 01 42 34.50 -26 44 51.1          14.8 Vza6197108
A1955J99R36Q  C1999 09 12.08268 01 42 56.05 -26 43 02.3                za6197620
A1955J99R36Q  C1999 09 12.08877 01 42 58.37 -26 42 49.4                za6197620
A1955J99R36Q  C1999 09 12.09266 01 42 59.88 -26 42 42.0                za6197620
A1955J99R36Q  C1999 09 12.09709 01 43 01.66 -26 42 33.0                za6197620
A1955J99R36Q  C1999 09 12.39214 01 45 25.42 -26 31 47.2                ia6197670
A1955J99R36Q  C1999 09 12.40936 01 45 32.53 -26 31 10.9                ia6197670
A1955J99R36Q  C1999 09 12.42810 01 45 40.11 -26 30 29.6          14.7 Ria6197670
A1955J99R36Q  C1999 09 12.44483 01 45 46.87 -26 29 51.5                ia6197670
A1955J99R36Q  C1999 09 12.98193 01 50 27.75 -26 08 32.8          15.3  ca6197106
A1955J99R36Q  C1999 09 12.98586 01 50 32.31 -26 08 02.6                 a6197952
A1955J99R36Q  C1999 09 12.98690 01 50 32.83 -26 08 00.0                 a6197952
A1955J99R36Q  C1999 09 12.98854 01 50 33.59 -26 07 56.6                 a6197952
A1955J99R36Q  C1999 09 12.98970 01 50 34.12 -26 07 53.7                 a6197952
A1955J99R36Q  C1999 09 12.99405 01 50 36.19 -26 07 44.1                 a6197952
A1955J99R36Q  C1999 09 12.99627 01 50 37.21 -26 07 39.1                 a6197952
A1955J99R36Q  C1999 09 13.00171 01 50 36.99 -26 07 45.3          15.3  ca6197106
A1955J99R36Q  C1999 09 13.00328 01 50 37.24 -26 07 45.9          14.8 Rda6197046
A1955J99R36Q  C1999 09 13.00413 01 50 37.63 -26 07 43.8                da6197046
A1955J99R36Q  C1999 09 13.00485 01 50 37.97 -26 07 42.1                da6197046
A1955J99R36Q  C1999 09 13.00557 01 50 38.30 -26 07 40.4                da6197046
A1955J99R36Q  C1999 09 13.00625 01 50 38.62 -26 07 38.7                da6197046
A1955J99R36Q  C1999 09 13.03046 01 50 49.39 -26 06 39.0                ca6197118
A1955J99R36Q  C1999 09 13.03441 01 50 51.20 -26 06 28.8                ca6197118
A1955J99R36Q  C1999 09 13.03715 01 50 52.46 -26 06 22.0                ca6197118
A1955J99R36Q  C1999 09 13.34820 01 53 46.35 -25 51 58.1          15.1  aa6197704
A1955J99R36Q  C1999 09 13.35949 01 53 51.71 -25 51 27.7          15.4  aa6197704
A1955J99R36Q  C1999 09 13.37049 01 53 56.96 -25 50 58.2          15.5  aa6197704
A1955J99R36Q  C1999 09 13.37617 01 54 02.91 -25 50 54.9          15.3 R a6197848
A1955J99R36Q  C1999 09 13.37706 01 54 03.41 -25 50 51.8          15.1 R a6197848
A1955J99R36Q  C1999 09 13.37796 01 54 03.82 -25 50 49.6          14.6 R a6197848
A1955J99R36Q  C1999 09 13.37888 01 54 04.31 -25 50 47.0          14.6 R a6197848
A1955J99R36Q  C1999 09 13.37978 01 54 04.76 -25 50 45.3          14.3 R a6197848
A1955J99R36Q  C1999 09 13.57924 01 56 06.13 -25 36 37.0          13.8 Rda6197426
A1955J99R36Q  C1999 09 13.58138 01 56 07.23 -25 36 31.5          13.8 Rda6197426
A1955J99R36Q  C1999 09 13.58330 01 56 08.26 -25 36 26.7          13.6 Rda6197426
A1955J99R36Q  C1999 09 13.60167 01 56 14.35 -25 36 05.4          15.5 Rza6197428
A1955J99R36Q  C1999 09 13.60322 01 56 15.11 -25 36 01.2          15.6 Rza6197428
A1955J99R36Q  C1999 09 13.60474 01 56 15.87 -25 35 57.1          15.6 Rza6197428
A1955J99R36Q  C1999 09 13.60655 01 56 16.76 -25 35 52.2          15.6 Rza6197428
A1955J99R36Q  C1999 09 14.00843 02 00 17.67 -25 18 59.0          14.4 Rda6197046
A1955J99R36Q  C1999 09 14.00964 02 00 18.36 -25 18 55.1                da6197046
A1955J99R36Q  C1999 09 14.01078 02 00 18.98 -25 18 51.8                da6197046
A1955J99R36Q  C1999 09 14.01186 02 00 19.58 -25 18 48.3                da6197046
A1955J99R36Q  C1999 09 14.02866 02 00 27.85 -25 17 51.4          15.4  za6197629
A1955J99R36Q  C1999 09 14.03362 02 00 30.38 -25 17 35.5          15.5  za6197629
A1955J99R36Q  C1999 09 14.03598 02 00 31.76 -25 17 27.3          16.2  za6197629
A1955J99R36Q  C1999 09 14.03844 02 00 33.03 -25 17 19.9          16.0  za6197629
A1955J99R36Q  C1999 09 14.03942 02 00 33.62 -25 17 16.7          16.4  za6197629
A1955J99R36Q  C1999 09 14.04112 02 00 34.60 -25 17 12.3          15.5  za6197629
A1955J99R36Q  C1999 09 14.04280 02 00 35.49 -25 17 05.6          15.8  za6197629
A1955J99R36Q  C1999 09 14.04454 02 00 36.45 -25 16 59.7          16.1  za6197629
A1955J99R36Q  C1999 09 14.04579 02 00 37.12 -25 16 55.6          15.8  za6197629
A1955J99R36Q  C1999 09 14.04709 02 00 37.83 -25 16 51.7          16.3  za6197629
A1955J99R36Q  C1999 09 14.38186 02 04 16.51 -24 57 06.0          15.4  aa6197704
A1955J99R36Q  C1999 09 14.39441 02 04 23.64 -24 56 20.6          15.5  aa6197704
A1955J99R36Q  C1999 09 14.40699 02 04 30.81 -24 55 35.0          15.5  aa6197704
A1955J99R36Q  C1999 09 14.41971 02 04 38.05 -24 54 48.4          15.8  aa6197704
A1955J99R36Q  C1999 09 14.43248 02 04 45.37 -24 54 00.8          15.9  aa6197704
A1955J99R36Q  C1999 09 14.50996 02 05 50.68 -24 44 18.4          15.2 Rca6197467
A1955J99R36Q  C1999 09 14.51047 02 05 50.99 -24 44 16.9          15.1 Rca6197467
A1955J99R36Q  C1999 09 14.51098 02 05 51.30 -24 44 15.0          15.1 Rca6197467
A1955J99R36Q  C1999 09 14.51149 02 05 51.60 -24 44 13.4          15.0 Rca6197467
A1955J99R36Q  C1999 09 14.51969 02 05 56.62 -24 43 45.0          15.3 Rca6197467
A1955J99R36Q 1C1999 09 14.61990 02 07 03.72 -24 37 53.8                 a6197413
A1955J99R36Q 1C1999 09 14.62090 02 07 04.32 -24 37 50.2          15.1 R a6197413
A1955J99R36Q  C1999 09 14.71688 02 08 00.44 -24 31 54.2          15.1 Rza6197428
A1955J99R36Q  C1999 09 14.71837 02 08 01.35 -24 31 47.9          15.2 Rza6197428
A1955J99R36Q  C1999 09 14.71985 02 08 02.26 -24 31 41.6          15.1 Rza6197428
A1955J99R36Q  C1999 09 14.72133 02 08 03.13 -24 31 35.8          15.1 Rza6197428
A1955J99R36Q  C1999 09 15.05517 02 12 10.84 -24 13 08.7                ca6197118
A1955J99R36Q  C1999 09 15.05703 02 12 12.07 -24 13 00.7                ca6197118
A1955J99R36Q  C1999 09 15.05809 02 12 12.80 -24 12 56.1          15.2 Rca6197118
A1955J99R36Q  C1999 09 15.07910 02 12 27.50 -24 11 25.7          14.6 Rda6197046
A1955J99R36Q  C1999 09 15.08035 02 12 28.33 -24 11 20.3                da6197046
A1955J99R36Q  C1999 09 15.08106 02 12 28.81 -24 11 17.3                da6197046
A1955J99R36Q  C1999 09 15.08176 02 12 29.28 -24 11 14.0                da6197046
A1955J99R36Q  C1999 09 15.11449 02 13 07.79 -24 04 20.0          15.5 Vza6197859
A1955J99R36Q  C1999 09 15.11648 02 13 09.12 -24 04 12.0          15.3 Vza6197859
A1955J99R36Q  C1999 09 15.11933 02 13 11.00 -24 04 00.8          15.4 Vza6197859
A1955J99R36Q  C1999 09 15.12146 02 13 12.45 -24 03 52.4          15.4 Vza6197859
A1955J99R36Q  C1999 09 15.12363 02 13 13.90 -24 03 43.6          15.0 Vza6197859
A1955J99R36Q  C1999 09 15.12605 02 13 15.52 -24 03 33.7          15.3 Vza6197859
A1955J99R36Q  C1999 09 15.38800 02 16 33.36 -23 47 49.3          15.1 R a6197848
A1955J99R36Q  C1999 09 15.38866 02 16 33.82 -23 47 46.4          15.0 R a6197848
A1955J99R36Q  C1999 09 15.38933 02 16 34.26 -23 47 43.3          15.0 R a6197848
A1955J99R36Q  C1999 09 16.05793 02 25 56.88 -22 50 06.3                da6197046
A1955J99R36Q  C1999 09 16.05943 02 25 58.11 -22 49 58.2                da6197046
A1955J99R36Q  C1999 09 16.06009 02 25 58.64 -22 49 54.6                da6197046
A1955J99R36Q  C1999 09 16.06065 02 25 59.07 -22 49 51.1          13.9 Rda6197046
A1955J99R36Q  C1999 09 16.13312 02 26 58.32 -22 42 44.6                 a6197595
A1955J99R36Q  C1999 09 16.13466 02 26 59.57 -22 42 35.2                 a6197595
A1955J99R36Q  C1999 09 16.13626 02 27 00.91 -22 42 25.4                 a6197595
A1955J99R36Q  C1999 09 16.13869 02 27 02.93 -22 42 10.7          14.3 V a6197595
A1955J99R36Q  C1999 09 16.37115 02 30 55.28 -22 18 38.2          13.9 R a8522848
A1955J99R36Q  C1999 09 16.37164 02 30 55.71 -22 18 35.4          13.9 R a8522848
A1955J99R36Q  C1999 09 16.37214 02 30 56.14 -22 18 32.4          14.0 R a8522848
A1955J99R36Q  C1999 09 16.55705 02 34 03.51 -21 52 54.6          14.8 Rza6197428
A1955J99R36Q  C1999 09 16.55796 02 34 04.30 -21 52 49.5          14.7 Rza6197428
A1955J99R36Q  C1999 09 16.55881 02 34 05.11 -21 52 43.8          14.8 Rza6197428
A1955J99R36Q  C1999 09 17.77113 02 56 40.39 -19 12 03.3          15.0 Vza6197322
A1955J99R36Q  C1999 09 17.79187 02 57 04.00 -19 08 47.3          15.4 Vza6197322
A1955J99R36Q  C1999 09 17.79432 02 57 06.76 -19 08 24.6          14.9 Vza6197322
A1955J99R36Q  C1999 09 17.81101 02 57 25.78 -19 05 45.0          15.3 Vza6197322
A1955J99R36Q  C1999 09 17.81542 02 57 30.77 -19 05 02.8          14.8 Vza6197322
A1955J99R36Q  C1999 09 17.83397 02 57 52.02 -19 02 02.4          14.4 Vza6197322
A1955J99R36Q  C1999 09 18.64156 03 17 01.05 -16 34 18.3          14.5 Rza6197428
A1955J99R36Q  C1999 09 18.64231 03 17 02.12 -16 34 09.2          14.5 Rza6197428
A1955J99R36Q  C1999 09 18.64293 03 17 02.96 -16 34 01.8          14.6 Rza6197428
A1955J99R36Q  C1999 09 18.64359 03 17 03.91 -16 33 53.6          14.6 Rza6197428
A1955J99R36Q  C1999 09 19.09024 03 29 13.58 -14 54 55.3          14.8 Vza6197859
A1955J99R36Q  C1999 09 19.09187 03 29 16.24 -14 54 33.1          14.7 Vza6197859
A1955J99R36Q  C1999 09 19.09646 03 29 23.55 -14 53 31.0          15.0 Vza6197859
A1955J99R36Q  C1999 09 19.09972 03 29 28.78 -14 52 46.5          15.3 Vza6197859
A1955J99R36Q  C1999 09 19.10263 03 29 33.49 -14 52 05.4          14.9 Vza6197859
A1955J99R36Q  C1999 09 19.10370 03 29 35.17 -14 51 51.2          14.9 Vza6197859
A1955J99R36Q  C1999 09 19.10789 03 29 41.90 -14 50 53.7          15.2 Vza6197859
A1955J99R36Q  C1999 09 19.10950 03 29 44.45 -14 50 31.8          14.9 Vza6197859
A1955J99R36Q  C1999 09 19.11164 03 29 47.84 -14 50 02.6          14.9 Vza6197859
A1955J99R36Q  C1999 09 19.11325 03 29 50.35 -14 49 40.3          15.2 Vza6197859
A1955J99R36Q  C1999 09 19.88219 03 52 43.89 -11 31 22.4          14.5   a6197327
A1955J99R36Q  C1999 09 19.88444 03 52 47.98 -11 30 41.7          14.5   a6197327
A1955J99R36Q  C1999 09 19.88708 03 52 52.74 -11 29 54.4          14.4   a6197327
A1955J99R36Q 1C1999 09 20.00861 03 57 10.96 -10 53 37.2                za6197121
A1955J99R36Q 1C1999 09 20.00965 03 57 12.94 -10 53 18.0                za6197121
A1955J99R36Q 1C1999 09 20.01069 03 57 14.92 -10 52 58.9                za6197121
A1955J99R36Q 1C1999 09 20.01278 03 57 18.87 -10 52 20.4                za6197121
A1955J99R36Q  C1999 09 20.04481 03 58 28.09 -10 42 13.0                da6197046
A1955J99R36Q  C1999 09 20.04991 03 58 37.97 -10 40 39.0                da6197046
A1955J99R36Q  C1999 09 20.05109 03 58 40.13 -10 40 16.8          14.0 Rda6197046
A1955J99R36Q  C1999 09 20.05174 03 58 41.32 -10 40 05.2                da6197046
A1955J99R36Q  C1999 09 20.05238 03 58 42.61 -10 39 52.6                da6197046
A1955J99R36Q  C1999 09 20.05306 03 58 43.98 -10 39 38.9                da6197046
A1955J99R36Q  C1999 09 20.11497 04 01 09.28 -10 10 56.3          15.3 Vza6197859
A1955J99R36Q  C1999 09 20.13562 04 01 50.19 -10 04 27.9          14.7 Vza6197859
A1955J99R36Q  C1999 09 20.15231 04 02 22.97 -09 59 12.0          15.3 Vza6197859
A1955J99R36Q  C1999 09 20.16517 04 02 48.08 -09 55 07.4          15.6 Vza6197859
A1955J99R36Q  C1999 09 20.17422 04 03 05.71 -09 52 13.8          14.6 Vza6197859
A1955J99R36Q  C1999 09 20.19303 04 03 42.26 -09 46 12.1          15.6 Vza6197859
A1955J99R36Q  C1999 09 20.22663 04 04 47.30 -09 35 18.5          14.5 Vza6197859
A1955J99R36Q  C1999 09 20.25007 04 05 32.58 -09 27 37.0          15.4 Vza6197859
A1955J99R36Q  C1999 09 20.26819 04 06 07.56 -09 21 37.5          15.7 Vza6197859
A1955J99R36Q  C1999 09 20.30027 04 07 09.66 -09 10 53.9          15.6 Vza6197859
A1955J99R36Q  C1999 09 20.32865 04 08 04.90 -09 01 17.4          14.6 Vza6197859
A1955J99R36Q 1C1999 09 20.97968 04 33 13.05 -05 11 41.1                 a9928121
A1955J99R36Q 1C1999 09 20.98073 04 33 15.48 -05 11 16.4                 a9928121
A1955J99R36Q 1C1999 09 20.98168 04 33 17.69 -05 10 53.9                 a9928121
A1955J99R36Q 1C1999 09 20.98337 04 33 21.56 -05 10 14.1                 a9928121
A1955J99R36Q 1C1999 09 20.99961 04 33 58.93 -05 03 50.9                 a9928121
A1955J99R36Q 1C1999 09 21.00043 04 34 00.83 -05 03 31.7                 a9928121
A1955J99R36Q 1C1999 09 21.00126 04 34 02.74 -05 03 11.8                 a9928121
A1955J99R36Q  C1999 09 21.65846 05 02 08.76 -00 14 46.2          15.0 Rza6197428
A1955J99R36Q  C1999 09 21.65907 05 02 10.32 -00 14 29.7          14.9 Rza6197428
A1955J99R36Q  C1999 09 21.65971 05 02 11.94 -00 14 12.5          15.0 Rza6197428
A1955J99R36Q  C1999 09 21.66028 05 02 13.37 -00 13 57.4          14.9 Rza6197428
A1955J99R36Q 1C1999 09 22.06182 05 20 14.74 +02 36 18.3          14.6 Vza6197121
A1955J99R36Q 1C1999 09 22.06254 05 20 16.61 +02 36 37.9                za6197121
A1955J99R36Q 1C1999 09 22.08149 05 21 06.70 +02 45 24.4          14.9 Vza6197121
A1955J99R36Q 1C1999 09 22.08230 05 21 08.85 +02 45 47.0                za6197121
A1955J99R36Q  C1999 09 22.42916 05 37 49.87 +05 28 09.6          15.1 R a6197848
A1955J99R36Q  C1999 09 22.42991 05 37 51.98 +05 28 31.3          15.4 R a6197848
A1955J99R36Q  C1999 09 22.43068 05 37 54.11 +05 28 53.1          15.4 R a6197848
A1955J99R36Q  C1999 09 22.43144 05 37 56.21 +05 29 14.5          15.3 R a6197848
A1955J99R36Q  C1999 09 22.43293 05 38 00.37 +05 29 57.5          15.5 R a6197848
A1955J99R36Q  C1999 09 22.43371 05 38 02.51 +05 30 19.1          15.5 R a6197848
A1955J99R36Q  C1999 09 22.43447 05 38 04.60 +05 30 40.8          15.2 R a6197848
A1955J99R36Q  C1999 09 22.43524 05 38 06.69 +05 31 02.1          15.4 R a6197848
A1955J99R36Q  C1999 09 22.43826 05 38 15.11 +05 32 28.1          15.4 R a6197848
A1955J99R36Q  C1999 09 23.45670 06 28 03.94 +13 18 27.2          15.5 R a6197848
A1955J99R36Q  C1999 09 23.47467 06 28 54.79 +13 26 21.7          14.8 R a6197848
A1955J99R36Q  C1999 09 23.48357 06 29 19.89 +13 30 16.5          15.1 R a6197848
A1955J99R36Q  C1999 09 23.48878 06 29 34.54 +13 32 33.4          15.0 R a6197848
A1955J99R36Q  C1999 09 23.49881 06 30 02.70 +13 36 56.3          15.3 R a6197848
A1955J99R36Q  C1999 09 23.50771 06 30 27.62 +13 40 49.4          15.6 R a6197848
A1955J99R36Q  C1999 09 23.76434 06 42 59.45 +15 39 42.6          15.2 Rza6197428
A1955J99R36Q  C1999 09 24.77267 07 30 06.14 +21 40 48.0          15.5 Rza6197428
A1955J99R36Q 3C1999 12 29.65237 13 48 01.88 +05 19 54.3                 a8522568
A1955J99R36Q 3C1999 12 29.65543 13 48 02.19 +05 19 50.1                 a8522568
A1955J99R36Q 3C1999 12 30.64462 13 49 50.94 +04 57 29.1                 a8522568
A1955J99R36Q 3C1999 12 30.64699 13 49 51.19 +04 57 26.0                 a8522568
A1955J99R36Q 9C2000 03 30.39029 14 23 57.02 -21 26 41.6          18.2 R b1957695
A1955J99R36Q 9C2000 03 30.39306 14 23 56.54 -21 26 43.0          18.2 R b1957695
A1955J99R36Q 9C2000 03 30.39569 14 23 56.09 -21 26 44.4          18.1 R b1957695
A1955J99R36Q 9C2000 03 30.39859 14 23 55.56 -21 26 45.8          18.1 R b1957695
A1955J99R36Q 9C2000 03 30.41400 14 23 52.85 -21 26 53.5                 b1957695
A1955J99R36Q 9C2000 03 30.41681 14 23 52.33 -21 26 54.8          18.1 R b1957695
A1955J99R36Q 9C2000 03 30.41933 14 23 51.91 -21 26 56.1          18.1 R b1957695
A1955J99R36Q 9C2000 03 30.42184 14 23 51.48 -21 26 57.3          18.2 R b1957695
A1955J99R36Q 9C2000 03 30.42453 14 23 50.99 -21 26 58.7          18.0 R b1957695
A1955J99R36Q 9C2000 03 30.43831 14 23 48.56 -21 27 05.4          18.1 R b1957695
A1955J99R36Q 9C2000 03 30.44058 14 23 48.16 -21 27 06.5          18.0 R b1957695
A1955J99R36Q TC2000 04 06.2413  14 03 45.60 -22 09 14.8          19.0 Rbb1957709
A1955J99R36Q TC2000 04 06.2433  14 03 45.21 -22 09 15.9          19.0 Rbb1957709
A1955J99R36Q TC2000 04 06.2447  14 03 44.85 -22 09 16.3          18.9 Rbb1957709
A1955J99R36Q TC2000 04 06.2468  14 03 44.49 -22 09 16.8          18.7 Rbb1957709
A1955J99R36Q TC2000 04 06.2489  14 03 44.12 -22 09 17.0          19.0 Rbb1957709
A1955J99R36Q TC2000 04 06.2503  14 03 43.79 -22 09 17.8          19.0 Rbb1957709
A1955J99R36Q TC2000 04 06.2524  14 03 43.38 -22 09 18.2          19.0 Rbb1957709
A1955J99R36Q TC2000 04 06.2545  14 03 43.02 -22 09 18.8          18.9 Rbb1957709
A1955J99R36Q 1C2005 06 30.51563 23 07 50.67 -25 02 12.4                cn6831F65
A1955J99R36Q 1C2005 06 30.51679 23 07 50.82 -25 02 12.5                cn6831F65
A1955J99R36Q 1C2005 06 30.51789 23 07 50.94 -25 02 12.0                cn6831F65
A1955J99R36Q 1C2005 06 30.51899 23 07 51.13 -25 02 11.2                cn6831F65
A1955J99R36Q  C2005 08 08.66627 00 30 23.61 -24 27 34.0          18.5 Vrn9205E12
A1955J99R36Q  C2005 08 08.67949 00 30 25.20 -24 27 33.1          18.6 Vrn9205E12
A1955J99R36Q  C2005 08 08.69222 00 30 26.67 -24 27 31.9          18.7 Vrn9205E12
A1955J99R36Q  C2005 08 08.70510 00 30 28.11 -24 27 30.5          18.6 Vrn9205E12
A1955J99R36Q  C2005 08 15.69461 00 46 50.49 -24 07 28.8          18.2 Vrn9553428
A1955J99R36Q  C2005 08 15.69711 00 46 50.81 -24 07 28.1          18.3 Vrn9553428
A1955J99R36Q  C2005 08 15.69961 00 46 51.13 -24 07 27.5          18.1 Vrn9553428
A1955J99R36Q  C2005 08 27.76410 01 23 10.21 -22 16 32.7          17.1 Vrn9553E12
A1955J99R36Q  C2005 08 27.77510 01 23 12.33 -22 16 21.3          17.1 Vrn9553E12
A1955J99R36Q  C2005 08 27.78638 01 23 14.60 -22 16 09.4          17.1 Vrn9553E12
A1955J99R36Q  C2005 08 27.79745 01 23 16.76 -22 15 57.3          17.3 Vrn9553E12
A1955J99R36Q  C2005 09 04.06134 01 57 36.98 -19 11 17.8          16.8 Rro0919157
A1955J99R36Q  C2005 09 04.06238 01 57 37.31 -19 11 14.9          16.8 Rro0919157
A1955J99R36Q  C2005 09 04.06343 01 57 37.67 -19 11 13.0          17.0 Rro0919157
A1955J99R36Q  C2005 09 04.06447 01 57 37.95 -19 11 09.7          16.3 Rro0919157
A1955         C2005 09 10.00277 02 43 14.88 -13 29 59.4                rp1709084
A1955         C2005 09 10.00378 02 43 15.45 -13 29 53.5                rp1709084
A1955         C2005 09 12.58139 03 12 19.17 -09 11 06.5          15.8 Rc~0Ldh608
A1955         C2005 09 12.59223 03 12 26.70 -09 09 49.5          16.0 Rc~0Ldh608
A1955         C2005 09 12.63331 03 12 55.18 -09 04 55.1          15.4 Rc~0Ldh608
A1955J99R36Q  C2005 09 13.36846 03 22 54.51 -07 33 16.2          15.7 Vro1560703
A1955J99R36Q  C2005 09 13.37748 03 23 01.46 -07 32 05.6          15.8 Vro1560703
A1955J99R36Q  C2005 09 13.38646 03 23 08.41 -07 30 55.2          15.8 Vro1560703
A1955J99R36Q  C2005 09 13.39543 03 23 15.32 -07 29 45.0          15.7 Vro1560703
A1955J99R36Q  C2005 09 14.73201 03 43 07.43 -04 17 42.7          16.0 Vro1560379
A1955J99R36Q  C2005 09 14.73453 03 43 09.67 -04 17 19.4          16.2 Vro1561379
A1955J99R36Q  C2005 09 14.73537 03 43 10.41 -04 17 11.4          16.2 Vro1561379
A1955J99R36Q  C2005 09 14.73620 03 43 11.15 -04 17 03.8          16.0 Vro1561379
A1955J99R36Q  C2005 09 14.73851 03 43 13.19 -04 16 42.4          16.0 Vro1561379
A1955J99R36Q  C2005 09 14.74271 03 43 16.88 -04 16 03.1          15.7 Vro1561379
A1955J99R36Q  C2005 09 14.74354 03 43 17.60 -04 15 55.2          15.7 Vro1561379
A1955J99R36Q  C2005 09 14.74829 03 43 21.83 -04 15 11.1          16.3 Vro1561379
A1955J99R36Q  C2005 09 14.74997 03 43 23.31 -04 14 55.6          16.1 Vro1561379
A1955J99R36Q  C2005 09 14.75081 03 43 24.06 -04 14 47.9          16.1 Vro1561379
A1955J99R36Q  C2005 09 17.39237 04 31 15.50 +03 40 12.0          15.8 Rco2158699
A1955J99R36Q  C2005 09 17.42744 04 31 55.78 +03 47 17.8                co2158699
A1955J99R36Q  C2005 09 17.45472 04 32 26.99 +03 52 49.3                co2158699
A1955         C2005 09 17.95543 04 42 53.90 +05 34 08.4                rp1709084
A1955         C2005 09 17.95585 04 42 54.41 +05 34 13.8                rp1709084
A1955         C2005 09 17.95626 04 42 54.92 +05 34 18.7                rp1709084
A1955         C2005 09 23.05099 06 44 04.18 +22 41 15.4                rp1709084
A1955         C2005 09 23.05141 06 44 04.75 +22 41 19.4                rp1709084
A1955         C2005 09 23.05347 06 44 07.73 +22 41 40.1                rp1709084
A1955         C2005 09 23.05397 06 44 08.41 +22 41 45.0                rp1709084
A1955         C2005 09 23.05480 06 44 09.62 +22 41 53.3                rp1709084
A1955         C2006 02 02.50424 14 49 02.23 -07 58 12.8          21.4 Vcq2636691
A1955         C2006 02 02.51672 14 49 03.18 -07 58 26.9          21.3 Vcq2636691
A1955         C2006 02 02.52921 14 49 04.13 -07 58 41.3          20.8 Vcq2636691
A1955         C2006 03 24.40380 14 56 39.58 -21 53 33.6          19.5 Vrq8080703
A1955         C2006 03 24.40816 14 56 39.08 -21 53 37.5          19.7 Vrq8080703
A1955         C2006 03 24.41259 14 56 38.58 -21 53 41.7          19.7 Vrq8080703
A1955         C2006 03 24.41704 14 56 37.96 -21 53 45.4          19.6 Vrq8080703
A1955         C2006 04 21.28842 13 39 01.53 -24 25 50.4          19.0 Roq9744644
A1955         C2006 04 21.31057 13 38 57.26 -24 25 45.6          18.5 Roq9744644
A1955         C2006 04 21.33166 13 38 53.26 -24 25 40.8          18.6 Roq9744644
A1955         C2006 04 29.58780 13 16 22.98 -23 37 01.7          19.1 Vrr1308E12
A1955         C2006 04 29.59677 13 16 21.54 -23 36 57.9          18.7 Vrr1308E12
A1955         C2006 04 29.60575 13 16 20.24 -23 36 54.3          18.3 Vrr1308E12
A1955         C2006 04 29.61476 13 16 18.80 -23 36 49.7          19.0 Vrr1308E12
A1955        4C2006 04 30.19498 13 14 57.69 -23 32 59.9                or1856290
A1955        4C2006 04 30.20006 13 14 56.93 -23 32 57.7                or1856290
A1955        4C2006 04 30.23145 13 14 52.19 -23 32 44.3                or1856290
A1955        4C2006 04 30.27551 13 14 45.51 -23 32 24.4          18.9 Ror1856290
A1955         C2006 05 22.24706 12 46 10.95 -20 54 09.3                or4423693
A1955         C2006 05 22.25212 12 46 10.83 -20 54 08.0                or4423693
A1955         C2006 05 22.25719 12 46 10.68 -20 54 06.4                or4423693
A1955         C2006 05 22.26225 12 46 10.55 -20 54 04.4                or4423693
A1955         C2006 05 22.26731 12 46 10.43 -20 54 02.4          20.5 Ror4423693
A1955         C2006 05 26.18432 12 45 26.16 -20 35 30.8                or4423693
A1955         C2006 05 26.18939 12 45 26.08 -20 35 30.0                or4423693
A1955         C2006 05 26.19446 12 45 26.02 -20 35 29.2                or4423693
A1955         C2006 05 26.19953 12 45 25.97 -20 35 27.1          20.8 Ror4423693
A1955        .C2011 08 13.16245 02 20 52.93 -01 09 44.8          19.0 Ro~0XRA950
A1955        .C2011 08 13.16353 02 20 53.23 -01 09 42.8          19.1 Ro~0XRA950
A1955        .C2011 08 13.16461 02 20 53.52 -01 09 39.9          19.0 Ro~0XRA950
A1955        .C2011 08 13.16609 02 20 53.90 -01 09 37.3          19.0 Ro~0XRA950
A1955        .C2011 08 13.16691 02 20 54.12 -01 09 35.5          18.9 Ro~0XRA950
A1955        .C2011 08 13.16765 02 20 54.30 -01 09 33.9          19.0 Ro~0XRA950
A1955        .C2011 08 13.16838 02 20 54.53 -01 09 32.6          18.9 Ro~0XRA950
A1955        .C2011 08 13.16910 02 20 54.69 -01 09 31.1          19.0 Ro~0XRA950
A1955        .C2011 08 13.16988 02 20 54.91 -01 09 29.2          19.1 Ro~0XRA950
A1955        .C2011 08 13.17053 02 20 55.12 -01 09 28.0          19.2 Ro~0XRA950
A1955        .C2011 08 13.17119 02 20 55.26 -01 09 26.4          19.2 Ro~0XRA950
A1955        .C2011 08 13.17211 02 20 55.51 -01 09 24.6          18.8 Ro~0XRA950
A1955        .C2011 08 13.17354 02 20 55.91 -01 09 21.4          18.9 Ro~0XRA950
A1955        .C2011 08 13.18405 02 20 58.71 -01 08 59.3          18.9 Ro~0XRA950
A1955        .C2011 08 13.18494 02 20 58.95 -01 08 57.2          18.8 Ro~0XRA950
A1955        .C2011 08 13.18559 02 20 59.13 -01 08 56.0          18.9 Ro~0XRA950
A1955        .C2011 08 13.18625 02 20 59.28 -01 08 54.6          19.2 Ro~0XRA950
A1955        .C2011 08 13.18772 02 20 59.71 -01 08 51.8          19.0 Ro~0XRA950
A1955        .C2011 08 13.18838 02 20 59.86 -01 08 50.1          19.3 Ro~0XRA950
A1955        .C2011 08 13.18904 02 21 00.06 -01 08 48.7          19.1 Ro~0XRA950
A1955        .C2011 08 13.18986 02 21 00.26 -01 08 47.0          18.9 Ro~0XRA950
A1955        .C2011 08 13.19052 02 21 00.45 -01 08 45.6          19.1 Ro~0XRA950
A1955        .C2011 08 13.19117 02 21 00.60 -01 08 44.1          18.8 Ro~0XRA950
A1955        .C2011 08 13.19208 02 21 00.87 -01 08 42.2          19.0 Ro~0XRA950
A1955        .C2011 08 13.19274 02 21 01.03 -01 08 41.0          19.0 Ro~0XRA950
A1955        .C2011 08 13.19339 02 21 01.19 -01 08 39.5          19.2 Ro~0XRA950
A1955        .C2011 08 13.19414 02 21 01.39 -01 08 37.8          18.9 Ro~0XRA950
A1955        .C2011 08 13.19480 02 21 01.58 -01 08 36.5          19.3 Ro~0XRA950
A1955        .C2011 08 13.19546 02 21 01.74 -01 08 35.2          19.2 Ro~0XRA950
A1955        .C2011 08 13.19623 02 21 01.97 -01 08 33.5          19.2 Ro~0XRA950
A1955        .C2011 08 13.19689 02 21 02.14 -01 08 32.0          19.3 Ro~0XRA950
A1955        .C2011 08 13.19755 02 21 02.31 -01 08 30.7          19.2 Ro~0XRA950
A1955        .C2011 08 13.19830 02 21 02.50 -01 08 29.3          19.1 Ro~0XRA950
A1955        .C2011 08 30.05414 03 55 23.62 +10 57 40.7          19.1 Ro~0XlZ950
A1955        .C2011 08 30.05840 03 55 25.33 +10 57 53.5          19.1 Ro~0XlZ950
A1955        .C2011 08 30.06375 03 55 27.46 +10 58 09.6          19.0 Ro~0XlZ950
A1955        .C2011 08 30.06918 03 55 29.61 +10 58 26.0          19.1 Ro~0XlZ950
A1955        .C2011 08 30.07523 03 55 31.98 +10 58 44.2          19.1 Ro~0XlZ950
A1955        .C2011 08 30.08119 03 55 34.33 +10 59 02.1          19.3 Ro~0XlZ950
A1955        .C2011 08 30.08784 03 55 36.94 +10 59 22.1          19.5 Ro~0XlZ950
A1955        .C2011 08 30.09315 03 55 39.04 +10 59 38.2          19.3 Ro~0XlZ950
A1955        .C2011 08 30.09839 03 55 41.08 +10 59 54.0          19.1 Ro~0XlZ950
A1955        .C2011 08 30.10391 03 55 43.24 +11 00 10.9          19.1 Ro~0XlZ950
A1955        .C2011 08 30.10863 03 55 45.11 +11 00 24.7          19.3 Ro~0XlZ950
A1955        .C2011 08 30.11396 03 55 47.20 +11 00 40.7          19.1 Ro~0XlZ950
A1955        .C2011 08 30.11995 03 55 49.52 +11 00 58.7          19.3 Ro~0XlZ950
A1955        .C2011 08 30.12456 03 55 51.31 +11 01 12.5          19.3 Ro~0XlZ950
A1955        .C2011 08 30.12947 03 55 53.24 +11 01 27.4          19.0 Ro~0XlZ950
A1955        .C2011 08 30.13466 03 55 55.24 +11 01 42.8          19.1 Ro~0XlZ950
A1955        .C2011 08 30.13859 03 55 56.76 +11 01 54.6          19.4 Ro~0XlZ950
A1955        .C2011 08 30.14559 03 55 59.51 +11 02 15.8          19.0 Ro~0XlZ950
A1955        .C2011 08 30.14975 03 56 01.12 +11 02 28.3          19.1 Ro~0XlZ950
A1955        .C2011 08 30.15433 03 56 02.91 +11 02 42.0          19.0 Ro~0XlZ950
A1955        .C2011 08 30.15891 03 56 04.69 +11 02 55.7          19.1 Ro~0XlZ950
A1955        .C2011 08 30.16431 03 56 06.77 +11 03 11.8          19.2 Ro~0XlZ950
A1955        .C2011 08 30.16823 03 56 08.29 +11 03 23.5          19.3 Ro~0XlZ950
A1955        .C2011 08 30.17282 03 56 10.05 +11 03 37.2          19.2 Ro~0XlZ950
A1955        .C2011 08 30.17813 03 56 12.11 +11 03 53.3          19.1 Ro~0XlZ950
A1955        .C2011 08 30.18272 03 56 13.88 +11 04 06.9          19.1 Ro~0XlZ950
A1955        KC2011 09 12.40337 05 35 12.36 +21 35 34.5          20.3 Vo~0YL5H21
A1955        KC2011 09 12.41022 05 35 15.58 +21 35 51.5          20.7 Vo~0YL5H21
A1955        KC2011 09 12.41525 05 35 17.97 +21 36 04.0          20.4 Vo~0YL5H21
A1955        .C2011 09 14.15500 05 49 32.91 +22 46 06.3          19.4 Ro~0YL5950
A1955        .C2011 09 14.15716 05 49 33.94 +22 46 11.5          19.4 Ro~0YL5950
A1955        .C2011 09 14.15932 05 49 35.00 +22 46 16.7          19.4 Ro~0YL5950
A1955        .C2011 09 14.16263 05 49 36.58 +22 46 24.6          19.4 Ro~0YL5950
A1955        .C2011 09 14.16539 05 49 37.91 +22 46 31.3          19.3 Ro~0YL5950
A1955        .C2011 09 14.16797 05 49 39.15 +22 46 37.5          19.2 Ro~0YL5950
A1955        .C2011 09 14.17013 05 49 40.19 +22 46 42.7          19.2 Ro~0YL5950
A1955        .C2011 09 14.17229 05 49 41.22 +22 46 47.8          19.2 Ro~0YL5950
A1955        .C2011 09 14.17444 05 49 42.26 +22 46 53.0          19.0 Ro~0YL5950
A1955        .C2011 09 14.17661 05 49 43.29 +22 46 58.2          18.8 Ro~0YL5950
A1955        .C2011 09 14.17936 05 49 44.63 +22 47 05.0          19.1 Ro~0YL5950
A1955        .C2011 09 14.18152 05 49 45.66 +22 47 09.7          19.2 Ro~0YL5950
A1955        .C2011 09 14.18367 05 49 46.69 +22 47 15.2          19.5 Ro~0YL5950
A1955        .C2011 09 14.18637 05 49 47.97 +22 47 21.5          19.2 Ro~0YL5950
A1955        .C2011 09 14.18906 05 49 49.27 +22 47 28.1          19.3 Ro~0YL5950
A1955        .C2011 09 14.19134 05 49 50.36 +22 47 33.3          19.4 Ro~0YL5950
A1955        .C2011 09 14.19404 05 49 51.66 +22 47 40.0          19.5 Ro~0YL5950
A1955        .C2011 09 14.19619 05 49 52.68 +22 47 45.1          19.4 Ro~0YL5950
A1955        .C2011 09 14.19890 05 49 53.99 +22 47 51.6          19.4 Ro~0YL5950
A1955        .C2011 09 14.20207 05 49 55.51 +22 47 59.0          19.4 Ro~0YL5950
A1955        .C2011 09 14.20843 05 49 58.53 +22 48 14.3          19.2 Ro~0YL5950
A1955        .C2011 09 14.21123 05 49 59.87 +22 48 20.9          19.2 Ro~0YL5950
A1955        .C2011 09 14.21392 05 50 01.16 +22 48 27.4          19.1 Ro~0YL5950
A1955        .C2011 09 14.21628 05 50 02.29 +22 48 33.0          19.0 Ro~0YL5950
A1955        .C2011 09 14.21818 05 50 03.18 +22 48 37.4          18.8 Ro~0YL5950
A1955        .C2011 09 14.22087 05 50 04.47 +22 48 44.1          19.0 Ro~0YL5950
A1955        .C2011 09 14.22303 05 50 05.47 +22 48 48.9          18.8 Ro~0YL5950
A1955        .C2011 09 14.22528 05 50 06.59 +22 48 54.4          19.5 Ro~0YL5950
A1955        .C2011 09 14.22760 05 50 07.71 +22 48 59.8          19.0 Ro~0YL5950
A1955         C2011 09 23.42274 07 05 36.03 +27 17 19.3          20.1 Ru~0YlrH01
A1955         C2011 09 23.43524 07 05 41.92 +27 17 34.9          20.2 Ru~0YlrH01
A1955         C2011 09 23.44675 07 05 47.31 +27 17 49.2          20.2 Ru~0YlrH01
A1955         C2011 09 23.45756 07 05 52.37 +27 18 02.6          20.3 Ru~0YlrH01
A1955         C2011 09 25.49436 07 21 59.76 +27 52 46.9          20.5 Ru~0YlrH01
A1955         C2011 09 25.50188 07 22 03.17 +27 52 54.2          20.4 Ru~0YlrH01
A1955         C2011 09 25.50499 07 22 04.58 +27 52 57.1          20.3 Ru~0YlrH01
A1955         C2011 09 25.50851 07 22 06.20 +27 53 00.5          20.5 Ru~0YlrH01
A1955         C2011 09 25.57092 07 22 36.707+27 53 59.94         20.9 wL~0YlrF51
A1955         C2011 09 25.58023 07 22 40.990+27 54 09.00         21.1 wL~0YlrF51
A1955         C2011 09 25.58495 07 22 43.105+27 54 13.64         21.3 wL~0YlrF51
A1955         C2011 09 26.41274 07 29 09.25 +28 05 27.8          20.5 Ru~0YlrH01
A1955         C2011 09 26.45825 07 29 29.92 +28 06 07.4          20.3 Ru~0YlrH01
A1955         C2011 09 26.47327 07 29 36.67 +28 06 20.3          20.6 Ru~0YlrH01
A1955         C2011 09 29.43363 07 51 58.78 +28 35 45.5          20.3 Ro~0YlrH01
A1955         C2011 09 29.45172 07 52 06.62 +28 35 55.0          20.4 Ro~0YlrH01
A1955         C2011 09 29.47125 07 52 15.05 +28 36 04.9          20.3 Ro~0YlrH01
A1955         C2011 09 29.49440 07 52 25.01 +28 36 16.4          20.8 Ro~0YlrH01
A1955         C2011 10 01.46107 08 06 39.88 +28 46 35.5          20.8 Ro~0Z3JH01
A1955         C2011 10 01.47232 08 06 44.57 +28 46 38.8          20.8 Ro~0Z3JH01
A1955         C2011 10 01.48801 08 06 51.08 +28 46 43.3          20.5 Ro~0Z3JH01
A1955        .C2011 11 05.17064 11 03 31.86 +20 59 56.9          20.9 Ro~0abU950
A1955        .C2011 11 05.17194 11 03 32.17 +20 59 55.3          20.5 Ro~0abU950
A1955        .C2011 11 05.17338 11 03 32.44 +20 59 53.3          21.3 Ro~0abU950
A1955        .C2011 11 05.17535 11 03 32.90 +20 59 50.9          21.5 Ro~0abU950
A1955        .C2011 11 05.17699 11 03 33.25 +20 59 48.8          21.1 Ro~0abU950
A1955        .C2011 11 05.18014 11 03 33.95 +20 59 45.0          21.5 Ro~0abU950
A1955        .C2011 11 05.18178 11 03 34.29 +20 59 42.6          21.3 Ro~0abU950
A1955        .C2011 11 05.18344 11 03 34.65 +20 59 40.7          21.2 Ro~0abU950
A1955        .C2011 11 05.18508 11 03 35.01 +20 59 38.5          21.1 Ro~0abU950
A1955        .C2011 11 05.18674 11 03 35.38 +20 59 36.4          21.1 Ro~0abU950
A1955        .C2011 11 05.18853 11 03 35.75 +20 59 34.2          21.2 Ro~0abU950
A1955        .C2011 11 05.19017 11 03 36.09 +20 59 31.9          21.2 Ro~0abU950
A1955        .C2011 11 05.19182 11 03 36.45 +20 59 30.0          20.7 Ro~0abU950
A1955        .C2011 11 05.19347 11 03 36.81 +20 59 27.8          21.3 Ro~0abU950
A1955        .C2011 11 05.19512 11 03 37.17 +20 59 25.6          21.3 Ro~0abU950
A1955        .C2011 11 05.19690 11 03 37.55 +20 59 23.5          20.7 Ro~0abU950
A1955        .C2011 11 05.19854 11 03 37.90 +20 59 21.5          20.9 Ro~0abU950
A1955        .C2011 11 05.20019 11 03 38.26 +20 59 19.2          21.2 Ro~0abU950
A1955        .C2011 11 05.20184 11 03 38.62 +20 59 17.0          21.2 Ro~0abU950
A1955        .C2011 11 05.20348 11 03 38.97 +20 59 15.4          21.3 Ro~0abU950
A1955        .C2011 11 05.20524 11 03 39.33 +20 59 12.7          21.3 Ro~0abU950
A1955        .C2011 11 05.20689 11 03 39.70 +20 59 10.7          21.4 Ro~0abU950
A1955        .C2011 11 05.20854 11 03 40.04 +20 59 08.4          21.4 Ro~0abU950
A1955        .C2011 11 05.21019 11 03 40.41 +20 59 06.6          21.2 Ro~0abU950
A1955        .C2011 11 05.21184 11 03 40.75 +20 59 04.4          21.1 Ro~0abU950
A1955        .C2011 11 05.21360 11 03 41.15 +20 59 01.9          21.3 Ro~0abU950
A1955        .C2011 11 05.21525 11 03 41.49 +20 59 00.2          21.1 Ro~0abU950
A1955        .C2011 11 05.21690 11 03 41.84 +20 58 57.9          21.3 Ro~0abU950
A1955        .C2011 11 05.21855 11 03 42.17 +20 58 56.2          21.2 Ro~0abU950
A1955        .C2011 11 05.22020 11 03 42.53 +20 58 53.7          21.3 Ro~0abU950
A1955        .C2011 11 05.22197 11 03 42.92 +20 58 51.4          20.6 Ro~0abU950
A1955        .C2011 11 05.22362 11 03 43.29 +20 58 49.4          21.1 Ro~0abU950
A1955        .C2011 11 05.22527 11 03 43.60 +20 58 47.4          21.4 Ro~0abU950
A1955        .C2011 11 05.22691 11 03 43.96 +20 58 45.1          21.3 Ro~0abU950
A1955        .C2011 11 05.22856 11 03 44.32 +20 58 43.0          20.6 Ro~0abU950
A1955        .C2011 11 05.23035 11 03 44.68 +20 58 40.8          21.1 Ro~0abU950
A1955        .C2011 11 05.23199 11 03 45.05 +20 58 38.7          21.1 Ro~0abU950
A1955        .C2011 11 05.23363 11 03 45.40 +20 58 36.6          21.1 Ro~0abU950
A1955        .C2011 11 05.23529 11 03 45.74 +20 58 34.4          21.0 Ro~0abU950
A1955        .C2011 11 05.23694 11 03 46.09 +20 58 32.5          21.6 Ro~0abU950
A1955        .C2011 11 05.23869 11 03 46.47 +20 58 30.1          21.2 Ro~0abU950
A1955        .C2011 11 05.24035 11 03 46.81 +20 58 28.3          21.0 Ro~0abU950
A1955        .C2011 11 05.24199 11 03 47.19 +20 58 25.8          21.6 Ro~0abU950
A1955        .C2011 11 05.24363 11 03 47.50 +20 58 23.5          21.1 Ro~0abU950
A1955        .C2011 11 05.24529 11 03 47.87 +20 58 21.7          21.0 Ro~0abU950
A1955        .C2011 11 05.24706 11 03 48.25 +20 58 19.5          21.3 Ro~0abU950
A1955        .C2011 11 05.24872 11 03 48.59 +20 58 17.4          21.1 Ro~0abU950
A1955        .C2011 11 05.25036 11 03 48.94 +20 58 15.0          21.1 Ro~0abU950
A1955        .C2011 11 05.25200 11 03 49.29 +20 58 13.0          21.0 Ro~0abU950
A1955        .C2011 11 05.25366 11 03 49.64 +20 58 11.0          21.6 Ro~0abU950
A1955         C2011 11 23.47427 12 03 35.65 +13 50 45.7          21.6 Ro~0auqH01
A1955         C2011 11 23.47982 12 03 36.64 +13 50 37.7          21.4 Ro~0auqH01
A1955         C2011 11 23.48868 12 03 38.20 +13 50 25.0          21.7 Ro~0auqH01
A1955         C2011 11 23.49546 12 03 39.37 +13 50 15.4          21.8 Ro~0auqH01
A1955         C2011 11 27.48293 12 15 26.34 +12 13 16.6          21.3 Ro~0bHFH01
A1955         C2011 11 27.49619 12 15 28.57 +12 12 57.6          21.3 Ro~0bHFH01
A1955         C2011 11 27.50374 12 15 29.85 +12 12 46.8          21.3 Ro~0bHFH01
A1955         C2011 11 27.51238 12 15 31.31 +12 12 34.3          22.0 Ro~0bHFH01
A1955         C2012 01 29.49846 14 50 47.33 -11 01 15.1          21.4 Ro~0dHvH01
A1955         C2012 01 29.50647 14 50 48.25 -11 01 24.2          21.0 Ro~0dHvH01
A1955         C2012 01 29.51933 14 50 49.75 -11 01 38.3          21.5 Ro~0dHvH01
A1955         C2012 01 29.52907 14 50 50.88 -11 01 49.2          20.9 Ro~0dHvH01
A1955         C2012 01 30.47385 14 52 46.01 -11 19 14.4          21.2 Ro~0dHvH01
A1955         C2012 01 30.48793 14 52 47.64 -11 19 30.0          21.6 Ro~0dHvH01
A1955         C2012 01 30.51531 14 52 50.80 -11 20 00.4          21.2 Ro~0dHvH01
A1955         C2012 01 30.52482 14 52 51.90 -11 20 11.0          21.2 Ro~0dHvH01
A1955         C2012 02 25.48285 15 37 19.47 -18 45 12.8          20.7 Ro~0eQXH01
A1955         C2012 02 25.49870 15 37 20.62 -18 45 28.3          20.8 Ro~0eQXH01
A1955         C2012 02 25.50601 15 37 21.15 -18 45 35.5          20.8 Ro~0eQXH01
A1955         C2012 02 25.52200 15 37 22.30 -18 45 51.1          20.8 Ro~0eQXH01
A1955         C2012 03 05.40473 15 47 25.57 -21 08 32.6          20.7 Ro~0eQXH01
A1955         C2012 03 05.41218 15 47 25.93 -21 08 39.8          20.8 Ro~0eQXH01
A1955         C2012 03 05.43178 15 47 26.90 -21 08 59.0          20.8 Ro~0eQXH01
A1955         C2012 03 05.43857 15 47 27.23 -21 09 05.6          20.9 Ro~0eQXH01
A1955         C2012 03 15.43779 15 53 58.66 -23 48 24.6          20.4 Ro~0emKH01
A1955         C2012 03 15.45543 15 53 58.89 -23 48 41.7          20.4 Ro~0emKH01
A1955         C2012 03 15.47275 15 53 59.11 -23 48 58.2          20.3 Ro~0emKH01
A1955         C2012 03 15.48961 15 53 59.33 -23 49 14.3          20.7 Ro~0emKH01
A1955         C2012 03 17.47253 15 54 32.19 -24 20 47.2          20.3 Ro~0f5oH01
A1955         C2012 03 17.48124 15 54 32.22 -24 20 55.5          20.2 Ro~0f5oH01
A1955         C2012 03 17.48846 15 54 32.25 -24 21 02.4          20.2 Ro~0f5oH01
A1955         C2012 03 17.50167 15 54 32.30 -24 21 14.9          20.3 Ro~0f5oH01
A1955         C2012 03 22.41806 15 54 38.06 -25 39 15.3          20.3 Ro~0fVsH01
A1955         C2012 03 22.44733 15 54 37.50 -25 39 43.3          20.1 Ro~0fVsH01
A1955         C2012 03 22.46684 15 54 37.22 -25 40 01.8          20.2 Vr~0f5oG96
A1955         C2012 03 22.47447 15 54 37.04 -25 40 09.0          20.2 Vr~0f5oG96
A1955         C2012 03 22.48966 15 54 36.75 -25 40 23.3          20.2 Vr~0f5oG96
A1955         C2012 03 22.49497 15 54 36.57 -25 40 28.2          20.2 Ro~0fVsH01
A1955         C2012 03 23.42072 15 54 24.91 -25 55 05.4          20.2 Ro~0fVsH01
A1955        2C2012 03 23.45560215 54 24.152-25 55 39.36         20.70Vr~0hvB689
A1955        2C2012 03 23.45906515 54 24.062-25 55 42.68         20.46Vr~0hvB689
A1955        2C2012 03 23.46232415 54 23.979-25 55 45.76         20.49Vr~0hvB689
A1955         C2012 03 23.46258 15 54 23.89 -25 55 45.2          20.0 Ro~0fVsH01
A1955        2C2012 03 23.46494715 54 23.912-25 55 48.24         20.53Vr~0hvB689
A1955        2C2012 03 23.46806315 54 23.844-25 55 51.11         20.52Vr~0hvB689
A1955        2C2012 03 23.47064415 54 23.768-25 55 53.57         20.41Vr~0hvB689
A1955        2C2012 03 23.47320715 54 23.714-25 55 55.97         20.65Vr~0hvB689
A1955        2C2012 03 23.47571815 54 23.646-25 55 58.37         20.53Vr~0hvB689
A1955        2C2012 03 23.47823615 54 23.594-25 56 00.69         20.58Vr~0hvB689
A1955         C2012 03 23.49758 15 54 23.03 -25 56 18.1          20.0 Ro~0fVsH01
A1955         C2012 03 24.41727 15 54 06.87 -26 10 47.3          20.0 Ro~0fVsH01
A1955        2C2012 03 24.44232015 54 06.212-26 11 11.82         20.68Vr~0hvB689
A1955        2C2012 03 24.44479615 54 06.142-26 11 14.24         20.57Vr~0hvB689
A1955        2C2012 03 24.44726915 54 06.074-26 11 16.53         20.57Vr~0hvB689
A1955         C2012 03 24.47416 15 54 05.19 -26 11 41.0          20.0 Ro~0fVsH01
A1955         C2012 03 24.50520 15 54 04.27 -26 12 10.0          20.0 Ro~0fVsH01
A1955         C2012 03 25.41616 15 53 43.63 -26 26 28.4          20.1 Ro~0fVsH01
A1955         C2012 03 25.45708 15 53 42.21 -26 27 07.1          19.9 Ro~0fVsH01
A1955        2C2012 03 25.47109615 53 41.825-26 27 21.09         20.04Vr~0hvB689
A1955        2C2012 03 25.47356415 53 41.713-26 27 23.14         20.02Vr~0hvB689
A1955         C2012 03 25.49558 15 53 40.86 -26 27 43.0          20.3 Ro~0fVsH01
A1955         C2012 03 27.40558 15 52 41.69 -26 57 31.3          20.4 Ro~0fVsH01
A1955         C2012 03 27.43818 15 52 40.22 -26 58 01.9          20.3 Ro~0fVsH01
A1955         C2012 03 27.49919 15 52 37.42 -26 58 58.1          20.1 Ro~0fVsH01
A1955         C2012 03 28.37880 15 52 03.76 -27 12 35.4          20.0 Ro~0fVsH01
A1955         C2012 03 28.41815 15 52 01.77 -27 13 12.4          19.9 Ro~0fVsH01
A1955         C2012 03 28.49847 15 51 57.63 -27 14 26.4          19.9 Ro~0fVsH01
A1955         C2012 03 29.39390 15 51 18.23 -27 28 13.2          20.2 Ro~0fVsH01
A1955         C2012 03 29.42844 15 51 16.26 -27 28 45.4          20.0 Ro~0fVsH01
A1955         C2012 03 29.45593 15 51 14.70 -27 29 10.7          20.0 Ro~0fVsH01
A1955         C2012 04 18.29642 15 16 06.10 -31 40 31.8          19.0 Ro~0gGEH01
A1955         C2012 04 18.33194 15 15 59.96 -31 40 49.8          19.1 Ro~0gGEH01
A1955         C2012 04 18.38040 15 15 51.54 -31 41 13.2          19.1 Ro~0gGEH01
A1955         C2012 04 18.42697 15 15 43.48 -31 41 34.5          19.1 Ro~0gGEH01
A1955         C2012 04 21.29767 15 07 39.63 -32 01 31.8          18.6 Ro~0gGEH01
A1955        KC2012 04 21.30000 15 07 38.84 -32 01 34.6          19.7 Ru~0gGEH36
A1955        KC2012 04 21.30749 15 07 37.42 -32 01 36.9          19.3 Ru~0gGEH36
A1955         C2012 04 21.33652 15 07 32.41 -32 01 46.0          18.6 Ro~0gGEH01
A1955        KC2012 04 21.33757 15 07 31.92 -32 01 47.1          19.4 Ru~0gGEH36
A1955         C2012 04 21.37909 15 07 24.49 -32 02 00.7          18.6 Ro~0gGEH01
A1955         C2012 04 21.42200 15 07 16.54 -32 02 14.6          18.7 Ro~0gGEH01
A1955        KC2012 04 22.29861 15 04 42.70 -32 07 04.1          19.4 Ru~0gGEH36
A1955        KC2012 04 22.30346 15 04 41.85 -32 07 05.4          19.9 Ru~0gGEH36
A1955         C2012 04 22.31195 15 04 40.54 -32 07 06.8          18.8 Ro~0gGEH01
A1955         C2012 04 22.36122 15 04 31.22 -32 07 21.9          18.6 Ro~0gGEH01
A1955         C2012 04 22.38973 15 04 25.83 -32 07 30.0          18.7 Ro~0gGEH01
A1955         C2012 04 22.41366 15 04 21.32 -32 07 36.6          18.7 Ro~0gGEH01
A1955        8C2012 04 23.31047 15 01 41.13 -32 11 48.2          18.1 Ro~0gGEH06
A1955        8C2012 04 23.31446 15 01 40.44 -32 11 50.0          18.4 Ro~0gGEH06
A1955        QC2012 04 29.69071 14 41 49.36 -32 22 15.5          18.7 Vr~0gUcE12
A1955        QC2012 04 29.70920 14 41 45.70 -32 22 14.1          19.0 Vr~0gUcE12
A1955        KC2012 05 03.11278 14 31 09.06 -32 14 33.7          18.7 Ru~0gUc821
A1955        KC2012 05 03.11570 14 31 08.49 -32 14 32.8          18.9 Ru~0gUc821
A1955        KC2012 05 03.12010 14 31 07.63 -32 14 32.1          18.9 Ru~0gUc821
A1955         C2012 06 14.19058 13 30 13.04 -26 14 54.1          20.5 Ro~0hR6H01
A1955         C2012 06 14.19763 13 30 13.11 -26 14 51.6          20.6 Ro~0hR6H01
A1955         C2012 06 14.20804 13 30 13.22 -26 14 47.9          20.6 Ro~0hR6H01
A1955         C2012 06 14.22252 13 30 13.38 -26 14 42.7          20.5 Ro~0hR6H01
A1955         C2012 06 15.20494 13 30 31.97 -26 09 24.3          20.6 Ro~0hR6H01
A1955         C2012 06 15.21275 13 30 32.08 -26 09 21.6          20.3 Ro~0hR6H01
A1955         C2012 06 15.21887 13 30 32.17 -26 09 19.6          20.2 Ro~0hR6H01
A1955         C2012 06 15.22591 13 30 32.28 -26 09 17.2          20.5 Ro~0hR6H01
A1955         C2012 06 21.18834 13 33 38.71 -25 43 15.4          20.8 Ro~0hbeH01
A1955         C2012 06 21.19559 13 33 38.95 -25 43 13.8          20.7 Ro~0hbeH01
A1955         C2012 06 21.20243 13 33 39.20 -25 43 12.2          20.7 Ro~0hbeH01
A1955         C2012 06 21.20891 13 33 39.44 -25 43 10.7          20.6 Ro~0hbeH01
A1955        KC2013 01 19.07733 23 41 00.92 +04 26 44.4          21.6 Rt~0oAMH01
A1955        KC2013 01 19.08524 23 41 02.75 +04 26 59.0          22.1 Rt~0oAMH01
A1955        KC2013 01 19.09191 23 41 04.30 +04 27 11.6          21.8 Rt~0oAMH01
A1955        KC2013 01 19.09906 23 41 05.95 +04 27 24.8          22.1 Rt~0oAMH01
A1955        KC2013 01 20.07499 23 44 54.57 +04 57 42.1          22.3 Rt~0oAMH01
A1955        KC2013 01 20.08370 23 44 56.59 +04 57 58.1          21.7 Rt~0oAMH01
A1955        KC2013 01 20.09298 23 44 58.74 +04 58 15.4          21.4 Rt~0oAMH01
A1955        KC2013 01 20.11189 23 45 03.15 +04 58 50.4          21.5 Rt~0oAMH01
A1955         C2017 08 01.58696 02 26 12.575+05 02 01.85         21.6 wL~2Ik5F51
A1955         C2017 08 01.59556 02 26 14.789+05 02 18.27         21.3 wL~2Ik5F51
A1955         C2017 08 01.60407 02 26 16.958+05 02 34.50         21.4 wL~2Ik5F51
A1955         C2017 08 01.61263 02 26 19.133+05 02 50.72         21.3 wL~2Ik5F51
A1955         C2017 09 01.58936 05 11 06.762+21 45 33.81         21.4 wL~2KBQF51
A1955         C2017 09 01.59454 05 11 08.658+21 45 42.31         21.5 wL~2KBQF51
A1955         C2017 09 01.59971 05 11 10.524+21 45 50.71         21.2 wL~2KBQF51
A1955         C2017 09 01.60488 05 11 12.419+21 45 59.19         21.4 wL~2KBQF51
A1955        MC2018 05 15.75868 15 31 01.79 -38 40 23.7                q~2f3fQ62
A1955        MC2018 05 15.77332 15 30 58.84 -38 40 22.0                q~2f3fQ62
A1955        MC2018 05 15.78855 15 30 55.84 -38 40 19.8          20.5 Vq~2f3fQ62
A1955        KC2023 10 03.46774 08 40 08.74 +24 59 16.1          22.2 GV~7JDy291
A1955        KC2023 10 03.49080 08 40 15.66 +24 59 00.2          22.0 GV~7JDy291
A1955        DC2023 10 03.49283 08 40 16.31 +24 58 58.8          22.3 GV~7JDy695
A1955        DC2023 10 03.50100 08 40 18.72 +24 58 53.3          23.0 GV~7JDy695
A1955        DC2023 10 03.50916 08 40 21.16 +24 58 47.5                V~7JDy695
A1955        KB2024 07 05.98999115 09 19.992-37 17 40.48         20.3 VZ~880UY05
A1955        KB2024 07 06.02670315 09 18.900-37 17 12.15         19.7 VZ~880UY05
A1955        KB2024 07 06.96366315 09 03.560-37 05 37.92         19.7 VZ~880UY05
A1955        KB2024 07 07.00037415 09 02.726-37 05 10.04         19.8 VZ~880UY05
A1955         C2024 12 27.06591022 32 10.170+00 03 02.00               V~8YJm691
A1955         C2024 12 27.09135022 32 15.440+00 03 49.80               V~8YJm691
A1955         C2025 01 24.08881000 22 11.060+15 53 55.90         23.5 RV~8gWH291
A1955         C2025 01 24.09501000 22 12.610+15 54 08.10               V~8gWH291
A1955         C2025 01 24.10118000 22 14.160+15 54 19.50               V~8gWH291
A1955         C2025 01 27.09630000 35 59.570+17 36 15.70         22.1 RV~8gWH691
A1955         C2025 01 27.11313000 36 04.250+17 36 49.60         22.4 RV~8gWH691
A1955         C2025 01 27.12997000 36 08.950+17 37 24.90         22.3 RV~8gWH691
A1955        1C2025 04 01.79774006 58 35.447+26 28 15.20         20.6 GX~8pUt033
A1955        1C2025 04 01.80072006 58 36.336+26 28 11.50         20.2 GX~8pUt033
A1955        1C2025 04 01.80369006 58 37.236+26 28 07.80         20.6 GX~8pUt033
A1955        1C2025 04 28.84754008 50 40.128+16 27 53.80         21.5 GX~8s2u033
A1955        1C2025 04 28.85121008 50 40.826+16 27 49.40         21.5 GX~8s2u033
A1955        1C2025 04 28.85490008 50 41.669+16 27 44.20         21.2 GX~8s2u033
